---
images/banner-large.jpg: 2015-11-14 15:47:17.000000000 +00:00
images/banner-med.jpg: 2015-11-14 15:48:17.000000000 +00:00
images/banner-small.jpg: 2015-11-14 15:48:57.000000000 +00:00
images/banner-xl.jpg: 2015-11-14 15:40:49.000000000 +00:00
images/banner-xl2.jpg: 2015-11-14 13:03:50.000000000 +00:00
images/windowFitting.jpg: 2015-11-14 14:42:13.000000000 +00:00
images/cert.jpg: 2015-11-14 15:59:14.000000000 +00:00
