---
images/banner-large.jpg: 2015-11-14 13:03:50.000000000 +00:00
images/banner-med.jpg: 2015-11-14 13:03:50.000000000 +00:00
images/banner-small.jpg: 2015-11-14 13:03:50.000000000 +00:00
images/banner-xl.jpg: 2015-11-14 13:03:50.000000000 +00:00
images/banner-xl2.jpg: 2015-11-14 13:03:50.000000000 +00:00
